554 0.44844
-3689348814741910324 -1.07374e+08
495 0.455105
96 0.452262
511 0.448404
112 0.443744
447 0.454455
48 0.444799
276 0.453941
147 0.455407
340 0.451622
549 0.45296
211 0.450226
475 0.447957
92 0.454004
93 0.447346
94 0.448504
95 0.452413
97 0.451571
489 0.450333
98 0.453573
99 0.451465
483 0.451522
100 0.453759
101 0.452866
493 0.453902
102 0.448471
103 0.44622
503 0.449768
104 0.452209
105 0.450657
497 0.452991
106 0.452246
107 0.449145
491 0.453188
108 0.448261
109 0.450081
501 0.450755
110 0.421279
111 0.455212
49 0.397471
113 0.455798
134 0.450514
461 0.452151
70 0.450333
441 0.455252
50 0.417847
505 0.453831
114 0.428545
115 0.453314
499 0.449991
116 0.451406
117 0.454827
509 0.456057
118 0.452758
119 0.450745
455 0.455272
120 0.45262
121 0.452427
449 0.445426
122 0.45298
123 0.455581
507 0.455101
124 0.445556
125 0.454524
453 0.450378
126 0.452569
127 0.45625
128 0.452731
314 0.455122
129 0.444292
130 0.455865
260 0.451825
131 0.453185
132 0.450316
133 0.446931
71 0.431624
312 0.452601
135 0.455692
136 0.453539
258 0.453019
137 0.431548
138 0.455745
268 0.449866
139 0.450669
140 0.456004
262 0.445992
141 0.451377
142 0.456062
256 0.454077
143 0.450674
144 0.45506
266 0.453622
145 0.452223
146 0.405382
148 0.452688
270 0.45193
149 0.455754
150 0.454465
264 0.454576
151 0.450983
152 0.452314
274 0.452337
153 0.427824
154 0.442259
284 0.455506
155 0.449401
156 0.451238
278 0.455409
157 0.450296
471 0.455525
72 0.449578
51 0.442411
158 0.452277
272 0.45129
159 0.450257
160 0.456273
161 0.454603
162 0.453478
292 0.45237
163 0.44992
164 0.452998
165 0.454843
166 0.449177
167 0.452616
168 0.455492
290 0.451824
169 0.451945
170 0.453297
300 0.453341
171 0.452535
172 0.45416
294 0.451388
173 0.44849
174 0.453915
288 0.451328
175 0.455197
176 0.454974
298 0.452358
177 0.449227
178 0.455397
308 0.455637
179 0.452371
73 0.430809
435 0.45257
52 0.437188
180 0.449335
302 0.448506
181 0.451203
182 0.45429
296 0.452922
183 0.453868
184 0.455206
306 0.454741
185 0.454236
186 0.454831
316 0.451335
187 0.448848
188 0.453383
310 0.454471
189 0.453378
190 0.455761
304 0.447935
191 0.453375
192 0.454668
378 0.433353
193 0.451689
194 0.455476
324 0.451677
195 0.455467
196 0.456005
382 0.454624
197 0.44446
198 0.453027
376 0.45518
199 0.440095
200 0.452333
322 0.455199
201 0.452257
465 0.454395
74 0.449603
53 0.440026
202 0.445907
332 0.454619
203 0.450488
204 0.455023
326 0.451422
205 0.453865
206 0.451138
320 0.456111
207 0.449765
208 0.451556
330 0.454798
209 0.451862
210 0.454073
212 0.455049
334 0.455464
213 0.455929
214 0.455167
328 0.451678
215 0.45302
546 0.452907
216 0.451574
338 0.44002
217 0.456199
218 0.44748
348 0.451968
557 0.447365
219 0.446194
550 0.448172
220 0.451782
342 0.455461
221 0.44742
222 0.451727
336 0.450229
545 0.455025
223 0.452252
75 0.452037
445 0.454726
54 0.414912
224 0.453661
282 0.454863
225 0.430489
226 0.453961
356 0.452712
227 0.455692
228 0.454431
286 0.454908
229 0.452554
230 0.454598
280 0.451959
231 0.45452
232 0.450933
354 0.456377
233 0.455575
234 0.452104
364 0.456395
235 0.454217
236 0.453915
358 0.451248
237 0.4555
238 0.452799
352 0.452519
239 0.455946
240 0.44402
241 0.452289
242 0.450968
372 0.453993
243 0.45236
244 0.454877
366 0.455749
245 0.45601
459 0.453768
76 0.434773
55 0.441296
360 0.452917
247 0.453176
248 0.445513
370 0.448918
249 0.441338
250 0.454115
380 0.453856
251 0.45425
252 0.450888
374 0.452535
253 0.452264
254 0.450107
368 0.454045
255 0.453466
257 0.447983
259 0.453501
261 0.454996
263 0.448267
265 0.455611
267 0.452781
77 0.406349
391 0.448675
56 0.403021
269 0.448219
271 0.450791
273 0.455211
275 0.453005
277 0.449285
279 0.452199
281 0.451984
283 0.45316
285 0.452237
287 0.453456
289 0.454544
469 0.446181
78 0.451297
57 0.431718
291 0.452997
293 0.455599
295 0.45539
297 0.455554
299 0.451233
301 0.454345
303 0.455126
307 0.452974
309 0.452308
311 0.452045
79 0.446877
385 0.452217
58 0.402196
313 0.448938
315 0.456453
321 0.455521
323 0.452538
325 0.45361
327 0.449434
329 0.450989
331 0.454151
333 0.452648
479 0.455825
80 0.447124
59 0.439637
335 0.44898
337 0.454259
343 0.449713
344 0.45309
553 0.4561
345 0.448705
346 0.450532
347 0.449668
349 0.45313
350 0.443344
351 0.453754
353 0.447098
355 0.456162
81 0.448977
443 0.456222
60 0.442595
357 0.450943
359 0.455359
365 0.455883
367 0.452617
369 0.451538
371 0.450076
373 0.452549
375 0.451667
377 0.455936
473 0.450734
82 0.42128
61 0.443895
379 0.450737
381 0.450543
383 0.453651
384 0.434986
529 0.452696
519 0.448872
386 0.4562
387 0.447836
388 0.454849
533 0.445993
62 0.438798
389 0.442911
390 0.450544
392 0.452405
537 0.452435
393 0.45241
527 0.454961
394 0.435143
395 0.387242
396 0.455796
541 0.451824
397 0.455185
515 0.452996
398 0.452721
399 0.449339
83 0.447066
400 0.440511
401 0.453143
535 0.455304
402 0.454214
403 0.45518
404 0.453379
405 0.454176
523 0.452992
406 0.443755
407 0.454904
408 0.452904
409 0.45594
543 0.455524
410 0.452149
411 0.448281
412 0.453685
413 0.454367
531 0.456051
414 0.454675
415 0.447675
416 0.454197
561 0.450613
417 0.452125
551 0.452868
418 0.45022
419 0.453051
420 0.451486
565 0.447714
421 0.453635
467 0.454511
84 0.443989
63 0.4326
422 0.433303
423 0.451771
424 0.450923
569 0.448136
425 0.448229
559 0.453532
426 0.451536
427 0.451726
573 0.451631
428 0.452068
429 0.449891
547 0.453501
430 0.447501
431 0.455726
432 0.454435
513 0.450541
433 0.443199
567 0.45362
434 0.45532
436 0.45522
517 0.450871
437 0.432677
555 0.448262
438 0.454241
439 0.451251
440 0.449061
521 0.45447
442 0.42599
85 0.422441
463 0.44951
64 0.430527
444 0.448392
525 0.455923
563 0.450507
446 0.452952
448 0.433551
450 0.45137
68 0.424862
451 0.454576
452 0.45435
454 0.453704
456 0.450365
66 0.430525
457 0.453051
458 0.449135
460 0.450277
462 0.451193
464 0.450574
477 0.453445
86 0.447834
65 0.395626
466 0.45278
468 0.455694
470 0.452251
472 0.455009
474 0.452562
476 0.455244
478 0.454746
480 0.447925
481 0.450902
482 0.448419
484 0.452244
485 0.450285
539 0.454812
486 0.451248
487 0.455708
87 0.44665
488 0.447728
490 0.453089
492 0.452412
494 0.456125
496 0.45329
498 0.446827
500 0.452073
502 0.453127
504 0.454306
506 0.456102
508 0.445822
88 0.437817
67 0.421965
510 0.447205
512 0.44996
514 0.452873
516 0.448577
518 0.454098
520 0.440835
522 0.453214
524 0.44968
526 0.453153
528 0.449107
530 0.456049
89 0.444244
532 0.452379
534 0.453504
536 0.45442
538 0.455844
540 0.456098
542 0.455993
544 0.455714
548 0.455853
552 0.455674
90 0.448232
69 0.443125
556 0.449976
558 0.44807
560 0.45118
562 0.442256
564 0.452148
566 0.450014
568 0.451378
570 0.446788
571 0.45146
572 0.451811
574 0.44725
575 0.447242
91 0.450812
246 0.448115
305 0.448965
317 0.446782
318 0.451279
319 0.455653
339 0.452374
341 0.450398
361 0.454408
362 0.453594
363 0.452541
